In [93]: yrd = round_by(ypred, .2)

In [94]: print metrics.classification_report(yt500, yrd)
             precision    recall  f1-score   support

          0       0.56      0.67      0.61       512
          1       0.36      0.93      0.52      1496
          2       0.37      0.89      0.52      1454
          3       0.36      0.58      0.44       841
          4       0.55      1.00      0.71      3187
          5       0.51      0.69      0.59       734
          6       0.33      0.68      0.44       945
          7       0.36      0.58      0.45       644
          8       0.53      0.66      0.59       682
          9       0.47      0.46      0.47       429
         10       0.50      0.57      0.54       434
         11       0.31      0.47      0.37       730
         12       0.33      0.79      0.47      1187
         13       0.38      0.72      0.49       923
         14       0.66      0.46      0.54       374
         15       0.34      0.93      0.50      1599
         16       0.44      0.66      0.52       662
         17       0.51      0.56      0.54       500

avg / total       0.43      0.78      0.54     17333


In [95]: yrd = round_by(ypred, .25)

In [96]: print metrics.classification_report(yt500, yrd)
             precision    recall  f1-score   support

          0       0.69      0.55      0.62       512
          1       0.45      0.84      0.58      1496
          2       0.45      0.80      0.58      1454
          3       0.48      0.37      0.41       841
          4       0.57      0.99      0.72      3187
          5       0.63      0.54      0.58       734
          6       0.43      0.52      0.47       945
          7       0.43      0.46      0.45       644
          8       0.68      0.53      0.59       682
          9       0.56      0.35      0.43       429
         10       0.57      0.48      0.52       434
         11       0.39      0.27      0.32       730
         12       0.40      0.64      0.49      1187
         13       0.49      0.59      0.53       923
         14       0.83      0.37      0.52       374
         15       0.40      0.84      0.55      1599
         16       0.55      0.55      0.55       662
         17       0.67      0.45      0.54       500

avg / total       0.51      0.67      0.56     17333


In [97]: yrd = round_by(ypred, .27)

In [98]: print metrics.classification_report(yt500, yrd)
             precision    recall  f1-score   support

          0       0.73      0.50      0.60       512
          1       0.48      0.78      0.60      1496
          2       0.48      0.76      0.59      1454
          3       0.52      0.29      0.38       841
          4       0.58      0.98      0.73      3187
          5       0.67      0.50      0.57       734
          6       0.46      0.46      0.46       945
          7       0.47      0.42      0.44       644
          8       0.73      0.50      0.59       682
          9       0.58      0.32      0.42       429
         10       0.59      0.44      0.51       434
         11       0.42      0.19      0.27       730
         12       0.43      0.59      0.50      1187
         13       0.54      0.54      0.54       923
         14       0.87      0.34      0.49       374
         15       0.43      0.79      0.56      1599
         16       0.59      0.51      0.55       662
         17       0.73      0.42      0.53       500

avg / total       0.54      0.63      0.56     17333


In [99]: yrd = round_by(ypred, .26)

In [100]: print metrics.classification_report(yt500, yrd)
             precision    recall  f1-score   support

          0       0.72      0.53      0.61       512
          1       0.47      0.81      0.59      1496
          2       0.47      0.78      0.59      1454
          3       0.50      0.33      0.40       841
          4       0.57      0.99      0.72      3187
          5       0.64      0.52      0.58       734
          6       0.45      0.50      0.47       945
          7       0.45      0.45      0.45       644
          8       0.70      0.51      0.59       682
          9       0.57      0.33      0.42       429
         10       0.57      0.46      0.51       434
         11       0.41      0.22      0.29       730
         12       0.42      0.62      0.50      1187
         13       0.51      0.56      0.53       923
         14       0.85      0.36      0.51       374
         15       0.42      0.81      0.55      1599
         16       0.57      0.53      0.55       662
         17       0.70      0.44      0.54       500

avg / total       0.53      0.65      0.56     17333


In [101]: yrd = round_by(ypred, .23)

In [102]: print metrics.classification_report(yt500, yrd)
             precision    recall  f1-score   support

          0       0.64      0.61      0.63       512
          1       0.41      0.89      0.56      1496
          2       0.41      0.83      0.55      1454
          3       0.43      0.44      0.43       841
          4       0.56      0.99      0.72      3187
          5       0.60      0.60      0.60       734
          6       0.39      0.58      0.47       945
          7       0.39      0.51      0.44       644
          8       0.61      0.58      0.60       682
          9       0.52      0.38      0.44       429
         10       0.55      0.52      0.53       434
         11       0.37      0.35      0.36       730
         12       0.37      0.70      0.49      1187
         13       0.44      0.64      0.52       923
         14       0.78      0.41      0.54       374
         15       0.38      0.88      0.53      1599
         16       0.50      0.59      0.54       662
         17       0.61      0.50      0.55       500

avg / total       0.48      0.71      0.55     17333


In [103]: yrd = round_by(ypred, .24)

In [104]: print metrics.classification_report(yt500, yrd)
             precision    recall  f1-score   support

          0       0.67      0.58      0.62       512
          1       0.43      0.86      0.57      1496
          2       0.43      0.82      0.57      1454
          3       0.45      0.40      0.42       841
          4       0.56      0.99      0.72      3187
          5       0.62      0.58      0.60       734
          6       0.41      0.55      0.47       945
          7       0.41      0.49      0.45       644
          8       0.64      0.55      0.59       682
          9       0.54      0.37      0.44       429
         10       0.57      0.50      0.53       434
         11       0.39      0.32      0.35       730
         12       0.38      0.67      0.49      1187
         13       0.46      0.61      0.53       923
         14       0.81      0.39      0.53       374
         15       0.39      0.86      0.54      1599
         16       0.53      0.58      0.55       662
         17       0.64      0.48      0.55       500

avg / total       0.49      0.69      0.56     17333


In [105]: yrd = round_by(ypred, .28)

In [106]: print metrics.classification_report(yt500, yrd)
             precision    recall  f1-score   support

          0       0.76      0.48      0.59       512
          1       0.50      0.76      0.61      1496
          2       0.50      0.74      0.60      1454
          3       0.55      0.26      0.36       841
          4       0.58      0.98      0.73      3187
          5       0.68      0.47      0.56       734
          6       0.48      0.43      0.45       945
          7       0.49      0.40      0.44       644
          8       0.75      0.49      0.59       682
          9       0.58      0.30      0.40       429
         10       0.61      0.43      0.51       434
         11       0.44      0.16      0.24       730
         12       0.45      0.55      0.49      1187
         13       0.55      0.51      0.53       923
         14       0.91      0.33      0.49       374
         15       0.44      0.75      0.56      1599
         16       0.60      0.50      0.54       662
         17       0.76      0.41      0.53       500

avg / total       0.56      0.61      0.55     17333


In [107]: yrd = round_by(ypred, .255)

In [108]: print metrics.classification_report(yt500, yrd)
             precision    recall  f1-score   support

          0       0.71      0.54      0.62       512
          1       0.46      0.83      0.59      1496
          2       0.46      0.79      0.58      1454
          3       0.49      0.34      0.40       841
          4       0.57      0.99      0.72      3187
          5       0.63      0.53      0.58       734
          6       0.44      0.51      0.47       945
          7       0.44      0.45      0.45       644
          8       0.69      0.52      0.59       682
          9       0.57      0.33      0.42       429
         10       0.57      0.47      0.51       434
         11       0.40      0.24      0.30       730
         12       0.41      0.63      0.50      1187
         13       0.51      0.57      0.54       923
         14       0.85      0.37      0.51       374
         15       0.41      0.82      0.55      1599
         16       0.56      0.54      0.55       662
         17       0.69      0.44      0.54       500

avg / total       0.52      0.66      0.56     17333



