Results for 200-word reviews


In [168]: print metrics.classification_report(df_target, df_pred)
             precision    recall  f1-score   support

          0       0.64      0.51      0.57      1953
          1       0.42      0.79      0.54      5343
          2       0.45      0.86      0.59      6270
          3       0.45      0.33      0.38      3118
          4       0.55      0.99      0.71     11289
          5       0.59      0.55      0.57      2815
          6       0.42      0.47      0.45      3288
          7       0.43      0.39      0.41      2159
          8       0.62      0.48      0.54      2336
          9       0.54      0.35      0.42      1742
         10       0.58      0.45      0.51      1802
         11       0.41      0.25      0.31      2647
         12       0.41      0.67      0.51      4679
         13       0.48      0.49      0.48      3008
         14       0.81      0.36      0.50      1580
         15       0.40      0.82      0.53      5569
         16       0.54      0.49      0.52      2326
         17       0.64      0.39      0.48      1900

avg / total       0.50      0.65      0.54     63824



In [172]: df_pred = df_pred.drop(['crime', 'history', 'music', 'sport'], axis=1)

In [173]: df_target = df_target.drop(['crime', 'history', 'music', 'sport'], axis=1)

In [174]: print metrics.classification_report(df_target, df_pred)
             precision    recall  f1-score   support

          0       0.64      0.51      0.57      1953
          1       0.42      0.79      0.54      5343
          2       0.45      0.86      0.59      6270
          3       0.55      0.99      0.71     11289
          4       0.59      0.55      0.57      2815
          5       0.42      0.47      0.45      3288
          6       0.62      0.48      0.54      2336
          7       0.58      0.45      0.51      1802
          8       0.41      0.25      0.31      2647
          9       0.41      0.67      0.51      4679
         10       0.48      0.49      0.48      3008
         11       0.40      0.82      0.53      5569
         12       0.54      0.49      0.52      2326
         13       0.64      0.39      0.48      1900

avg / total       0.49      0.70      0.56     55225


